0.000
0.326
0.965
1.370
1.765
1.782
2.576
2.638
2.677
3.186
3.444
3.461
5.174
5.419
5.645
5.965
6.469
6.515
7.386
8.047
8.573
9.343
9.867
11.196
11.249
12.643
14.367
14.967
15.149
15.893
16.005
16.351
17.445
18.430
18.611
18.736
18.780
18.915
19.751
19.757
19.937
20.020
20.322
20.840
21.446
22.153
25.025
25.115
25.138
25.496
25.497
25.591
26.403
26.607
26.956
27.903
29.100
29.882
30.242
30.255
30.552
32.615
33.019
33.329
33.476
33.674
34.079
34.687
36.118
36.387
36.697
36.752
37.758
37.921
37.960
38.334
38.339
38.359
38.707
38.830
42.238
42.350
43.667
44.532
44.906
45.418
47.182
47.707
48.192
48.450
49.093
49.433
49.916
50.822
51.764
53.070
53.327
53.537
54.321
54.854
56.035
56.599
56.775
56.832
57.153
57.542
57.640
58.545
58.893
58.974
59.004
59.751
60.214
60.801
61.126
61.163
61.547
62.453
63.003
63.367
63.478
63.550
63.581
63.637
63.802
64.804
65.143
65.147
65.703
65.870
65.964
65.965
65.981
66.231
66.307
67.380
67.709
68.309
68.654
69.088
70.902
72.882
72.987
73.269
73.823
74.583
75.527
80.896
81.254
82.215
82.550
83.391
84.649
84.734
85.135
85.349
86.530
86.614
86.673
86.838
86.931
88.479
88.714
89.765
89.829
91.121
91.703
92.212
92.255
93.028
93.829
94.005
95.549
96.742
97.532
97.623
97.674
97.766
97.983
98.182
98.381
98.814
100.567
100.834
100.841
101.594
101.925
102.264
102.525
102.787
103.120
103.270
103.396
103.818
104.346
106.306
107.078
107.793
108.773
108.805
108.991
109.604
109.864
110.591
111.832
113.253
113.898
114.180
114.315
114.407
114.558
114.850
115.039
115.056
115.438
115.620
116.765
117.575
117.949
118.384
120.083
120.659
120.922
121.386
121.749
122.112
122.659
123.001
123.035
123.364
123.412
123.621
123.862
124.156
124.770
125.430
125.439
125.901
126.403
129.608
129.876
130.205
130.759
130.835
130.870
130.972
131.006
131.115
131.660
132.206
132.891
134.973
135.372
135.533
135.663
137.017
137.286
137.705
138.174
138.821
139.442
139.681
139.940
140.413
140.667
140.757
141.183
141.470
142.397
143.141
143.357
143.639
143.820
144.300
145.082
145.107
145.124
145.960
146.090
146.447
146.813
147.943
148.074
148.275
148.581
148.682
149.428
149.566
149.796
149.861
150.876
152.293
152.470
152.601
152.985
153.619
153.903
154.050
154.324
154.764
154.829
154.932
156.023
156.777
156.867
157.952
158.340
158.670
158.883
159.438
160.179
160.324
160.909
161.343
161.491
162.037
162.332
162.426
162.819
163.073
163.179
163.207
163.419
163.602
165.177
165.722
166.792
167.130
167.614
167.972
168.685
168.861
170.078
170.511
171.309
173.842
174.614
175.022
175.554
175.558
175.750
176.348
177.265
177.679
178.055
178.782
179.281
180.630
180.685
181.161
181.694
182.001
182.592
182.862
183.123
183.291
183.626
184.764
184.950
185.003
186.827
186.946
187.769
188.598
189.257
189.357
190.583
190.644
190.689
191.197
191.442
192.217
192.621
192.957
192.989
193.084
193.263
193.690
193.798
194.506
194.511
194.575
195.172
195.455
195.598
195.733
195.972
196.513
196.890
197.374
197.469
197.534
197.622
197.780
197.890
199.268
201.046
202.081
203.305
203.324
203.722
204.116
204.349
204.695
204.706
206.191
206.820
207.363
207.547
207.720
208.495
210.635
211.045
211.125
211.545
211.887
212.177
212.349
212.550
212.935
213.245
214.285
214.635
214.927
216.014
216.053
216.534
216.875
217.506
217.759
218.653
220.146
220.431
220.784
222.188
222.793
223.273
223.584
223.770
223.875
224.431
225.652
226.852
226.943
226.947
227.523
227.782
228.000
228.127
228.442
228.666
228.767
229.080
230.215
230.708
231.199
231.402
232.162
234.435
234.614
235.781
236.253
236.483
238.431
239.066
239.295
239.869
239.952
239.971
240.206
241.259
242.280
242.707
242.840
243.145
243.680
243.798
244.497
244.632
244.888
245.269
245.307
245.613
245.855
246.010
246.919
247.637
247.769
247.869
247.907
248.554
248.611
248.774
248.860
249.354
250.081
251.375
252.449
252.766
253.091
254.028
254.345
254.540
254.557
254.801
255.072
255.203
255.419
256.181
256.484
256.520
256.688
257.983
259.778
259.889
260.499
261.021
261.806
261.911
263.307
263.358
263.519
264.014
264.022
264.241
264.472
264.980
265.070
265.266
266.449
266.489
266.669
267.021
267.496
267.877
268.753
270.931
271.515
272.363
272.821
273.156
273.199
273.324
273.490
273.509
273.591
273.759
273.848
273.897
273.912
274.085
274.085
274.848
275.676
276.222
276.591
276.703
277.767
277.787
278.003
279.682
279.919
280.172
280.262
280.947
281.217
282.723
283.058
283.543
284.122
284.217
285.427
286.406
288.011
288.995
289.022
289.336
290.156
290.469
291.657
291.831
291.863
291.914
292.249
293.508
294.145
294.148
294.460
295.348
295.979
297.202
297.671
298.063
298.153
298.369
298.769
298.771
299.999
300.234
300.314
302.376
302.406
302.601
303.056
304.275
304.602
304.759
305.246
307.741
308.330
310.157
310.496
310.873
311.033
311.997
312.064
313.513
313.905
314.329
314.331
315.282
316.689
317.466
319.521
320.029
320.777
321.368
321.429
322.820
322.996
323.143
325.056
325.619
325.662
325.844
325.910
325.938
326.756
326.826
327.402
327.479
327.996
328.143
328.206
329.506
329.557
329.675
330.214
332.761
333.112
333.170
333.197
333.702
333.756
333.921
335.085
335.327
335.460
336.300
337.224
338.596
339.405
339.461
339.613
340.156
340.775
341.120
342.774
343.114
343.248
343.276
343.832
343.890
344.065
344.843
345.441
346.146
346.787
347.276
347.393
347.863
348.082
348.701
349.150
349.320
349.662
350.393
351.316
351.633
352.421
352.605
352.913
352.974
354.459
354.481
354.578
354.631
354.690
354.859
355.211
355.325
356.444
356.696
358.348
359.218
359.261
359.695
360.355
361.737
363.529
365.031
366.397
366.965
367.313
367.549
367.733
368.513
368.776
369.969
370.251
370.963
373.628
373.804
374.316
374.386
374.587
374.929
377.156
377.271
378.485
379.253
379.604
380.684
380.819
381.025
381.380
382.085
383.213
383.269
383.531
384.788
385.331
385.456
386.205
387.560
388.096
388.770
389.161
389.265
390.329
390.578
390.881
391.325
391.515
391.763
391.947
392.260
392.336
394.646
396.747
397.522
398.243
399.212
399.594
400.166
400.645
401.118
402.276
402.442
402.771
403.438
403.741
404.339
404.716
408.235
408.310
409.018
409.738
410.151
410.708
411.257
411.867
412.061
412.574
412.737
413.101
413.366
413.509
414.169
415.287
416.529
418.204
418.993
419.573
419.763
420.648
420.695
421.047
421.566
421.710
422.650
423.098
423.123
424.267
424.535
426.248
427.268
427.460
427.894
428.761
429.091
429.383
430.003
431.691
431.910
432.084
432.368
433.144
433.273
433.523
433.532
434.199
434.568
434.587
434.676
434.721
434.951
435.058
435.204
435.343
435.785
436.592
436.606
436.876
436.888
437.282
437.809
438.527
440.268
441.065
441.279
441.368
443.397
443.973
444.233
444.969
445.050
446.677
446.680
447.055
447.176
448.116
450.162
450.897
451.073
451.986
452.272
452.456
452.468
453.773
454.406
454.843
454.924
455.031
455.345
455.415
455.675
455.785
455.967
456.256
456.390
457.118
457.428
458.155
458.411
458.754
459.196
459.659
461.089
461.810
461.876
461.954
462.526
463.114
463.661
463.790
463.889
464.344
465.550
465.988
466.314
466.482
466.606
467.149
467.206
467.413
467.502
469.284
469.425
470.058
470.155
470.600
471.386
471.721
471.840
473.567
473.612
473.904
474.050
474.699
475.239
475.373
476.539
476.774
477.243
477.388
477.441
477.738
477.740
478.189
478.855
479.020
479.205
479.666
479.736
479.759
481.447
482.023
482.057
482.397
482.523
482.567
482.577
484.185
484.244
485.081
485.405
486.109
486.683
487.819
487.820
487.995
488.557
489.222
489.327
490.261
490.398
490.473
492.095
492.197
492.506
492.933
493.131
493.622
493.656
494.147
495.612
496.878
497.371
497.402
498.121
498.851
498.969
499.551
499.683
499.751
500.709
500.919
501.022
501.415
501.983
502.524
503.174
503.654
503.730
505.075
505.090
505.128
505.689
506.509
506.972
507.077
507.308
507.693
508.011
508.113
508.687
509.561
511.420
511.727
511.743
512.331
512.718
513.391
513.640
513.721
514.320
514.393
515.981
516.057
517.336
517.476
517.791
517.804
518.622
518.729
518.847
519.219
519.618
519.726
519.811
519.817
519.946
520.202
520.842
522.177
523.539
523.844
523.880
524.034
525.470
525.620
526.113
526.265
526.377
526.837
528.115
528.865
529.106
529.598
529.639
529.999
530.454
530.845
530.896
533.529
534.888
536.945
539.382
539.708
539.948
540.209
540.874
540.897
540.970
541.099
541.441
543.031
543.506
543.646
543.728
543.880
544.976
545.221
545.277
545.341
545.756
546.123
547.160
547.768
548.366
548.416
548.736
549.001
549.759
549.822
551.502
551.912
551.938
552.962
553.545
554.701
555.512
555.628
555.703
557.100
557.170
557.441
557.638
557.955
558.406
559.354
559.882
559.921
559.955
561.719
561.972
561.981
562.153
562.208
563.038
563.242
563.853
564.196
564.497
565.477
565.550
565.989
566.140
566.184
566.458
567.032
567.587
567.756
569.197
569.270
569.928
570.118
570.867
571.041
571.128
573.532
573.564
573.623
573.706
573.782
575.418
575.730
575.872
575.952
576.424
576.466
577.545
577.649
577.987
578.074
578.679
578.792
579.655
580.501
580.860
581.125
581.979
582.130
582.169
582.602
583.606
585.475
585.722
585.786
586.270
586.819
586.889
587.572
587.647
587.666
587.778
588.409
589.705
590.338
591.180
591.613
592.228
592.909
593.947
594.606
594.847
594.908
594.952
595.090
595.762
596.357
596.487
597.313
598.195
598.411
598.860
599.147
599.479
601.157
601.908
602.287
602.386
602.525
602.525
603.683
604.696
605.062
605.588
606.100
606.957
607.000
607.135
608.039
608.386
609.441
609.871
610.016
610.396
610.775
611.407
611.906
612.230
612.593
614.151
614.293
614.372
614.446
614.514
615.249
615.401
616.125
616.143
616.682
616.766
617.272
617.590
617.814
617.938
618.268
619.627
620.517
620.782
620.845
621.630
621.868
622.122
622.370
622.374
622.553
622.724
623.241
623.286
624.998
626.285
626.802
627.675
628.314
628.485
629.196
629.729
630.184
630.375
630.418
631.958
633.265
633.270
634.205
634.345
635.602
635.644
635.712
635.850
636.297
637.509
638.264
638.323
638.904
639.046
639.496
641.562
642.198
642.347
642.668
642.693
643.173
643.792
644.609
645.491
645.678
645.733
646.047
646.825
646.839
646.847
647.846
651.344
651.475
651.934
652.232
652.262
654.367
654.683
654.767
654.957
655.415
655.616
655.686
655.711
656.284
656.446
656.767
657.282
657.381
658.169
658.268
658.486
659.860
660.782
660.810
660.905
661.014
661.224
663.197
663.305
663.504
663.567
665.800
667.641
667.731
668.767
671.253
671.298
671.768
672.869
672.985
673.124
673.503
673.554
675.392
675.483
676.739
677.828
677.869
678.245
678.673
678.776
680.217
680.225
680.562
680.582
680.603
682.324
683.046
683.757
683.775
684.561
684.737
685.025
685.327
685.348
685.508
685.740
686.090
686.350
686.553
686.718
687.521
687.839
687.912
687.914
688.478
689.346
689.595
690.068
691.427
691.653
692.297
692.600
693.202
693.247
694.099
694.502
695.203
695.731
696.984
697.274
697.490
698.192
698.513
698.545
699.283
700.165
700.492
700.801
701.231
701.741
702.297
702.889
704.347
704.442
704.742
707.322
707.478
707.728
707.735
709.307
710.309
711.112
711.113
711.945
713.758
714.762
715.005
715.227
715.634
715.955
716.439
716.500
716.689
717.149
717.255
717.360
717.448
717.466
718.185
718.478
718.706
719.517
719.948
721.201
722.590
724.097
724.732
724.903
725.028
725.129
726.011
726.293
726.347
727.116
727.246
728.080
728.556
729.315
729.513
729.519
730.009
730.405
730.491
730.536
731.080
731.558
732.956
734.253
735.228
735.603
736.900
736.993
737.262
737.488
738.975
739.287
739.297
740.127
740.392
740.757
741.354
741.659
741.719
742.556
742.867
744.104
744.140
744.608
745.462
745.524
745.646
745.858
746.631
746.705
746.785
746.820
747.201
747.364
747.765
749.254
749.293
749.958
750.245
751.196
751.798
751.814
751.922
753.036
753.683
753.784
754.458
754.699
755.083
755.277
755.436
755.908
756.546
756.828
757.102
757.733
758.045
758.199
758.224
759.511
759.967
760.951
761.271
761.317
761.745
761.891
763.140
763.181
763.686
763.690
763.749
764.089
764.210
764.895
765.027
765.307
765.353
765.439
767.324
767.416
767.483
767.627
768.487
768.576
768.988
768.995
769.164
769.459
769.611
769.692
770.348
770.473
772.681
772.703
773.198
773.434
775.219
775.432
775.786
776.053
778.139
778.970
780.003
780.028
780.905
781.040
781.585
781.997
782.557
782.694
782.735
783.308
783.407
784.043
784.265
784.773
784.832
785.359
785.807
786.422
788.240
789.110
789.978
790.072
790.494
790.576
790.763
791.788
792.400
792.671
793.210
793.440
794.018
794.061
794.454
794.531
794.784
794.807
794.963
795.400
795.891
796.150
796.787
796.867
797.906
798.318
798.407
798.596
798.828
799.143
799.544
800.263
801.234
801.750
801.953
802.054
802.509
802.803
804.185
804.808
805.087
805.500
806.041
806.381
807.372
808.011
808.363
808.877
808.948
810.244
810.450
810.499
810.574
810.946
811.303
811.576
812.050
812.951
813.135
813.388
813.391
813.481
813.530
813.574
813.621
814.580
814.695
814.728
815.752
815.958
816.036
816.277
816.470
816.543
817.502
817.888
817.904
818.085
818.417
818.787
818.821
818.940
819.143
819.527
820.465
820.715
821.289
821.412
823.047
823.751
823.989
824.515
825.907
826.074
826.414
826.586
826.995
827.057
827.069
827.549
828.122
828.916
829.349
829.971
830.763
831.381
832.683
833.404
833.773
833.880
833.993
834.903
834.948
835.027
835.091
835.246
836.444
836.816
838.830
838.839
839.035
839.152
839.227
839.352
841.237
841.612
841.924
842.797
842.938
844.184
844.438
845.653
845.700
845.804
845.826
847.509
847.691
847.698
848.401
849.034
851.028
852.757
853.196
853.305
853.549
853.760
853.826
853.973
854.681
855.219
855.567
856.489
857.182
857.720
858.235
858.759
859.444
860.801
862.394
862.500
862.795
863.090
863.100
863.268
863.299
863.392
864.266
865.374
865.469
865.914
866.023
866.973
867.121
867.209
867.326
867.453
867.791
868.103
868.128
868.682
869.044
869.310
869.904
869.953
870.027
870.620
870.844
871.258
871.275
871.929
872.222
872.840
873.153
873.742
873.901
874.661
875.091
875.618
876.315
876.367
877.153
877.226
877.388
878.090
879.220
879.470
879.527
880.474
880.539
880.655
880.682
881.105
881.570
882.078
882.799
882.981
883.372
883.513
884.234
884.808
886.116
886.380
886.495
887.027
887.850
888.453
888.503
889.364
889.667
890.502
891.265
891.665
892.426
892.505
892.668
892.873
893.260
893.737
894.424
894.505
895.153
895.165
895.258
896.043
897.233
897.269
897.672
898.141
899.805
899.809
899.828
